0 41 24 0
10 43 27 0
20 45 29 0
30 47 31 0
40 49 33 0
50 51 35 0
60 53 37 0
70 55 40 0
80 57 42 0
90 59 44 0
100 61 46 1
110 63 48 4
120 65 50 6
130 67 52 9
140 69 55 11
150 71 57 14
160 73 59 16
170 75 61 19
180 77 63 22
190 79 65 24
200 81 67 27
210 83 70 29
220 85 72 32
230 87 74 34
240 89 76 37
250 91 78 40
260 93 80 42
270 95 83 45
280 97 85 47
290 99 87 50
300 101 89 53
310 103 91 55
320 105 93 58
330 107 95 60
340 109 98 63
350 111 100 65
360 113 102 68
370 115 104 71
380 117 106 73
390 119 108 76
400 121 110 78
410 123 113 81
420 125 115 83
430 127 117 86
440 129 119 89
450 131 121 91
460 133 123 94
470 135 126 96
480 137 128 99
490 139 130 101
500 141 132 104
510 143 134 107
520 145 136 109
530 147 138 112
540 149 141 114
550 151 143 117
560 153 145 120
570 155 147 122
580 157 149 125
590 159 151 127
600 161 153 130
610 163 156 132
620 165 158 135
630 167 160 138
640 169 162 140
650 171 164 143
660 173 166 145
670 175 169 148
680 177 171 150
690 179 173 153
700 181 175 156
710 183 177 158
720 185 179 161
730 187 181 163
740 189 184 166
750 191 186 169
760 193 188 171
770 195 190 174
780 197 192 176
790 199 194 179
800 201 196 181
